238
150 6149396
193 7466239
229 4954812
252 3017281
156 1861925
199 2249635
229 2731626
255 3019477
191 2214714
179 2068537
331 4337991
196 2322417
236 2662734
262 3093943
258 3086900
188 2150683
238 2758703
192 2233689
197 2294084
207 2367662
309 3642090
290 3440196
192 2217008
187 2141359
241 2824117
206 2444531
293 3437456
177 2057197
243 2897370
251 3003901
173 2027990
288 3353450
250 2955583
321 3814078
271 3219249
273 3351273
265 3168434
160 1879406
124 1455044
178 2167674
279 3318164
214 2499167
201 2349706
261 3092098
307 3631320
250 2984741
215 2419451
229 2661405
196 2233937
299 3535916
261 3108518
262 3167354
258 3016255
190 2187886
205 2428773
322 3805469
189 2194841
263 3046415
273 3226662
232 2616374
245 2840452
276 3248487
259 3082036
225 2620006
247 2922555
144 1691120
296 3439204
214 2478796
249 2887568
154 1801487
253 2885623
227 2617981
257 2970768
262 3020503
291 3380536
240 2824491
276 3171380
242 2811096
188 2172847
213 2417797
217 2486692
292 3503714
272 3156678
274 3202651
186 2182018
288 3415380
282 3392964
325 3820059
220 2503127
337 3988424
244 2925539
257 3072095
289 3447066
175 2060891
305 3562874
214 2492224
270 3224259
150 1843357
258 3055378
252 2975067
186 2192353
283 3289722
235 2831191
170 1926678
315 3662314
254 3079933
160 1899231
200 2365664
216 2579556
193 2167767
170 1979299
159 1838912
227 2564626
147 1769838
276 3213010
217 2566059
298 3557421
179 2086574
301 3540183
200 2344678
257 3035578
213 2469386
216 2430836
329 3854533
256 3009011
225 2714721
287 3417884
319 3813866
208 2380916
321 3730235
274 3315312
289 3447658
283 3404790
204 2407707
267 3111880
280 3365059
219 2522917
237 2886081
143 1651159
243 2882312
255 3078067
204 2343907
342 4023627
208 2433786
322 3833644
297 3580732
173 2052014
230 2743087
163 1906123
243 2916663
261 3077518
237 2792440
183 2183869
320 3745450
180 2057895
330 3828371
286 3439568
294 3461046
190 2155457
259 3098717
265 3153665
265 3104549
167 1950098
327 3870725
196 2368310
129 1475278
228 2739197
241 2845486
167 1873945
290 3443061
219 2504853
252 3016865
251 2922292
253 2970798
152 1761020
210 2377296
258 3111359
139 1631632
293 3465422
189 2195321
189 2126119
325 3818074
194 2324499
274 3229318
178 2102068
178 2058102
168 1972911
186 2202324
181 2074582
266 3112481
282 3283016
187 2137526
301 3504157
284 3440815
215 2510682
266 3106834
174 2072118
265 3099497
250 2933711
165 1932820
199 2300126
170 1976887
274 3305052
192 2293229
283 3288566
243 2873944
252 3009069
154 1847730
181 2105509
284 3332214
282 3331182
167 1895811
160 1897663
190 2137645
301 3538895
251 3020363
298 3481978
290 3448277
193 2264055
272 3259905
202 2378822
212 2376434
265 3148679
261 3128157
303 3555516
240 2875117
254 2979340
239 2803471
231 2756472
207 2423469
280 3401552
152 1787899
213 2435288
244 2910916
261 3104725
264 3144923
141 1693235
265 3091962
