5,16117E+011 718413 1 2,82414E+006 0 0 0 0 0 0 0 238
2,24164E+011 473460 2 -1,05121E+007 2,45168E+006 0 0 0 0 0 461 0
2,16905E+011 465731 2 220186 0 11042,6 0 0 0 0 357 0
2,17269E+011 466121 3 4,18418E+006 -901368 15025 0 0 0 0 921 0
2,17268E+011 466120 3 1,14244E+006 0 -15360,6 4100,26 0 0 0 863 0
2,18196E+011 467114 4 2,23558E+006 -323393 -4511,04 2637,27 0 0 0 1098 0
2,17281E+011 466134 3 684263 0 6892,96 0 8,86088 0 0 859 0
2,18248E+011 467170 4 -32676,2 0 41359,8 -6336,75 22,4017 0 0 888 0
2,19179E+011 468166 5 33345,6 3937,99 37415,2 -5618,06 20,9045 0 0 1072 0
2,18362E+011 467293 4 3596,73 0 15814,5 0 -28,8017 0,0514408 0 816 0
2,19405E+011 468407 5 -79084,8 -54512,7 20187,3 0 -45,8265 0,0741108 0 1117 0
2,19113E+011 468095 5 77752,5 0 69939,3 -14008,6 95,6653 -0,0794776 0 1686 0
2,20339E+011 469403 6 -424,754 3037,11 1978 3475,59 -57,8968 0,0813345 0 1024 0
2,19124E+011 468107 5 -28130,9 0 21869,1 0 -103,794 0,360623 -0,000416273 1534 0
2,20074E+011 469120 6 -15668,4 0 6350,53 4280,13 -159,13 0,478777 -0,000526133 1718 0
2,21018E+011 470126 7 -9760,62 -29663,8 36721,4 -3602,87 -67,2665 0,288237 -0,000351255 1849 0
